0 1
0.1 1.09934
0.2 1.19488
0.3 1.28356
0.4 1.36344
0.5 1.43378
0.6 1.49474
0.7 1.54706
0.8 1.59175
0.9 1.62989
1 1.6625
1.1 1.69048
1.2 1.7146
1.3 1.73552
1.4 1.75377
1.5 1.76978
1.6 1.78391
1.7 1.79646
1.8 1.80767
1.9 1.81772
2 1.82679
2.1 1.83502
2.2 1.8425
2.3 1.84933
2.4 1.85561
2.5 1.86138
2.6 1.86671
2.7 1.87165
2.8 1.87623
2.9 1.8805
3 1.88449
3.1 1.88823
3.2 1.89173
3.3 1.89501
3.4 1.89811
3.5 1.90103
3.6 1.90379
3.7 1.9064
3.8 1.90887
3.9 1.91122
4 1.91345
4.1 1.91556
4.2 1.91758
4.3 1.9195
4.4 1.92133
4.5 1.92308
4.6 1.92475
4.7 1.92635
4.8 1.92788
4.9 1.92935
5 1.93075
5.1 1.9321
5.2 1.93339
5.3 1.93463
5.4 1.93582
5.5 1.93697
5.6 1.93807
5.7 1.93913
5.8 1.94015
5.9 1.94114
6 1.94209
6.1 1.943
6.2 1.94389
6.3 1.94474
6.4 1.94557
6.5 1.94637
6.6 1.94714
6.7 1.94789
6.8 1.94861
6.9 1.94931
7 1.94999
7.1 1.95065
7.2 1.95129
7.3 1.95192
7.4 1.95252
7.5 1.95311
7.6 1.95368
7.7 1.95424
7.8 1.95478
7.9 1.9553
8 1.95582
8.1 1.95632
8.2 1.95681
8.3 1.95729
8.4 1.95775
8.5 1.95821
8.6 1.95866
8.7 1.95909
8.8 1.95952
8.9 1.95994
9 1.96035
9.1 1.96075
9.2 1.96114
9.3 1.96153
9.4 1.96191
9.5 1.96228
9.6 1.96264
9.7 1.963
9.8 1.96336
9.9 1.9637
10 1.96404
10.1 1.96438
10.2 1.96471
10.3 1.96504
10.4 1.96536
10.5 1.96567
10.6 1.96598
10.7 1.96629
10.8 1.9666
10.9 1.96689
11 1.96719
11.1 1.96748
11.2 1.96777
11.3 1.96805
11.4 1.96833
11.5 1.96861
11.6 1.96889
11.7 1.96916
11.8 1.96943
11.9 1.96969
12 1.96995
12.1 1.97021
12.2 1.97047
12.3 1.97072
12.4 1.97098
12.5 1.97122
12.6 1.97147
12.7 1.97171
12.8 1.97196
12.9 1.9722
13 1.97243
13.1 1.97267
13.2 1.9729
13.3 1.97313
13.4 1.97336
13.5 1.97359
13.6 1.97381
13.7 1.97404
13.8 1.97426
13.9 1.97448
14 1.97469
14.1 1.97491
14.2 1.97512
14.3 1.97534
14.4 1.97555
14.5 1.97575
14.6 1.97596
14.7 1.97617
14.8 1.97637
14.9 1.97657
15 1.97677
15.1 1.97697
15.2 1.97717
15.3 1.97736
15.4 1.97756
15.5 1.97775
15.6 1.97794
15.7 1.97813
15.8 1.97832
15.9 1.9785
16 1.97869
16.1 1.97887
16.2 1.97906
16.3 1.97924
16.4 1.97942
16.5 1.97959
16.6 1.97977
16.7 1.97995
16.8 1.98012
16.9 1.98029
17 1.98046
17.1 1.98063
17.2 1.9808
17.3 1.98097
17.4 1.98114
17.5 1.9813
17.6 1.98147
17.7 1.98163
17.8 1.98179
17.9 1.98195
18 1.98211
18.1 1.98226
18.2 1.98242
18.3 1.98258
18.4 1.98273
18.5 1.98288
18.6 1.98303
18.7 1.98318
18.8 1.98333
18.9 1.98348
19 1.98363
19.1 1.98377
19.2 1.98392
19.3 1.98406
19.4 1.9842
19.5 1.98435
19.6 1.98449
19.7 1.98462
19.8 1.98476
19.9 1.9849
20 1.98503
20.1 1.98517
20.2 1.9853
20.3 1.98544
20.4 1.98557
20.5 1.9857
20.6 1.98583
20.7 1.98595
20.8 1.98608
20.9 1.98621
21 1.98633
21.1 1.98646
21.2 1.98658
21.3 1.9867
21.4 1.98682
21.5 1.98694
21.6 1.98706
21.7 1.98718
21.8 1.9873
21.9 1.98741
22 1.98753
22.1 1.98764
22.2 1.98776
22.3 1.98787
22.4 1.98798
22.5 1.98809
22.6 1.9882
22.7 1.98831
22.8 1.98842
22.9 1.98853
23 1.98863
23.1 1.98874
23.2 1.98884
23.3 1.98894
23.4 1.98905
23.5 1.98915
23.6 1.98925
23.7 1.98935
23.8 1.98945
23.9 1.98955
24 1.98964
24.1 1.98974
24.2 1.98984
24.3 1.98993
24.4 1.99003
24.5 1.99012
24.6 1.99021
24.7 1.9903
24.8 1.99039
24.9 1.99048
25 1.99057
25.1 1.99066
25.2 1.99075
25.3 1.99084
25.4 1.99092
25.5 1.99101
25.6 1.99109
25.7 1.99118
25.8 1.99126
25.9 1.99134
26 1.99143
26.1 1.99151
26.2 1.99159
26.3 1.99167
26.4 1.99175
26.5 1.99182
26.6 1.9919
26.7 1.99198
26.8 1.99206
26.9 1.99213
27 1.99221
27.1 1.99228
27.2 1.99235
27.3 1.99243
27.4 1.9925
27.5 1.99257
27.6 1.99264
27.7 1.99271
27.8 1.99278
27.9 1.99285
28 1.99292
28.1 1.99299
28.2 1.99305
28.3 1.99312
28.4 1.99319
28.5 1.99325
28.6 1.99332
28.7 1.99338
28.8 1.99344
28.9 1.99351
29 1.99357
29.1 1.99363
29.2 1.99369
29.3 1.99375
29.4 1.99381
29.5 1.99387
29.6 1.99393
29.7 1.99399
29.8 1.99405
29.9 1.99411
30 1.99416
30.1 1.99422
30.2 1.99428
30.3 1.99433
30.4 1.99439
30.5 1.99444
30.6 1.9945
30.7 1.99455
30.8 1.9946
30.9 1.99465
31 1.99471
31.1 1.99476
31.2 1.99481
31.3 1.99486
31.4 1.99491
31.5 1.99496
31.6 1.99501
31.7 1.99506
31.8 1.9951
31.9 1.99515
32 1.9952
32.1 1.99525
32.2 1.99529
32.3 1.99534
32.4 1.99538
32.5 1.99543
32.6 1.99547
32.7 1.99552
32.8 1.99556
32.9 1.99561
33 1.99565
33.1 1.99569
33.2 1.99573
33.3 1.99578
33.4 1.99582
33.5 1.99586
33.6 1.9959
33.7 1.99594
33.8 1.99598
33.9 1.99602
34 1.99606
34.1 1.9961
34.2 1.99613
34.3 1.99617
34.4 1.99621
34.5 1.99625
34.6 1.99628
34.7 1.99632
34.8 1.99636
34.9 1.99639
35 1.99643
35.1 1.99646
35.2 1.9965
35.3 1.99653
35.4 1.99657
35.5 1.9966
35.6 1.99663
35.7 1.99667
35.8 1.9967
35.9 1.99673
36 1.99676
36.1 1.9968
36.2 1.99683
36.3 1.99686
36.4 1.99689
36.5 1.99692
36.6 1.99695
36.7 1.99698
36.8 1.99701
36.9 1.99704
37 1.99707
37.1 1.9971
37.2 1.99713
37.3 1.99716
37.4 1.99719
37.5 1.99721
37.6 1.99724
37.7 1.99727
37.8 1.9973
37.9 1.99732
38 1.99735
38.1 1.99737
38.2 1.9974
38.3 1.99743
38.4 1.99745
38.5 1.99748
38.6 1.9975
38.7 1.99753
38.8 1.99755
38.9 1.99758
39 1.9976
39.1 1.99762
39.2 1.99765
39.3 1.99767
39.4 1.99769
39.5 1.99772
39.6 1.99774
39.7 1.99776
39.8 1.99778
39.9 1.99781
40 1.99783
40.1 1.99785
40.2 1.99787
40.3 1.99789
40.4 1.99791
40.5 1.99793
40.6 1.99796
40.7 1.99798
40.8 1.998
40.9 1.99802
41 1.99804
41.1 1.99806
41.2 1.99807
41.3 1.99809
41.4 1.99811
41.5 1.99813
41.6 1.99815
41.7 1.99817
41.8 1.99819
41.9 1.99821
42 1.99822
42.1 1.99824
42.2 1.99826
42.3 1.99828
42.4 1.99829
42.5 1.99831
42.6 1.99833
42.7 1.99834
42.8 1.99836
42.9 1.99838
43 1.99839
43.1 1.99841
43.2 1.99843
43.3 1.99844
43.4 1.99846
43.5 1.99847
43.6 1.99849
43.7 1.9985
43.8 1.99852
43.9 1.99853
44 1.99855
44.1 1.99856
44.2 1.99858
44.3 1.99859
44.4 1.9986
44.5 1.99862
44.6 1.99863
44.7 1.99865
44.8 1.99866
44.9 1.99867
45 1.99869
45.1 1.9987
45.2 1.99871
45.3 1.99873
45.4 1.99874
45.5 1.99875
45.6 1.99876
45.7 1.99878
45.8 1.99879
45.9 1.9988
46 1.99881
46.1 1.99882
46.2 1.99884
46.3 1.99885
46.4 1.99886
46.5 1.99887
46.6 1.99888
46.7 1.99889
46.8 1.9989
46.9 1.99892
47 1.99893
47.1 1.99894
47.2 1.99895
47.3 1.99896
47.4 1.99897
47.5 1.99898
47.6 1.99899
47.7 1.999
47.8 1.99901
47.9 1.99902
48 1.99903
48.1 1.99904
48.2 1.99905
48.3 1.99906
48.4 1.99907
48.5 1.99908
48.6 1.99909
48.7 1.9991
48.8 1.9991
48.9 1.99911
49 1.99912
49.1 1.99913
49.2 1.99914
49.3 1.99915
49.4 1.99916
49.5 1.99917
49.6 1.99917
49.7 1.99918
49.8 1.99919
49.9 1.9992
50 1.99921
50.1 1.99921
50.2 1.99922
50.3 1.99923
50.4 1.99924
50.5 1.99925
50.6 1.99925
50.7 1.99926
50.8 1.99927
50.9 1.99928
51 1.99928
51.1 1.99929
51.2 1.9993
51.3 1.9993
51.4 1.99931
51.5 1.99932
51.6 1.99933
51.7 1.99933
51.8 1.99934
51.9 1.99935
52 1.99935
52.1 1.99936
52.2 1.99937
52.3 1.99937
52.4 1.99938
52.5 1.99938
52.6 1.99939
52.7 1.9994
52.8 1.9994
52.9 1.99941
53 1.99941
53.1 1.99942
53.2 1.99943
53.3 1.99943
53.4 1.99944
53.5 1.99944
53.6 1.99945
53.7 1.99945
53.8 1.99946
53.9 1.99947
54 1.99947
54.1 1.99948
54.2 1.99948
54.3 1.99949
54.4 1.99949
54.5 1.9995
54.6 1.9995
54.7 1.99951
54.8 1.99951
54.9 1.99952
55 1.99952
55.1 1.99953
55.2 1.99953
55.3 1.99954
55.4 1.99954
55.5 1.99955
55.6 1.99955
55.7 1.99955
55.8 1.99956
55.9 1.99956
56 1.99957
56.1 1.99957
56.2 1.99958
56.3 1.99958
56.4 1.99959
56.5 1.99959
56.6 1.99959
56.7 1.9996
56.8 1.9996
56.9 1.99961
57 1.99961
57.1 1.99961
57.2 1.99962
57.3 1.99962
57.4 1.99963
57.5 1.99963
57.6 1.99963
57.7 1.99964
57.8 1.99964
57.9 1.99964
58 1.99965
58.1 1.99965
58.2 1.99965
58.3 1.99966
58.4 1.99966
58.5 1.99966
58.6 1.99967
58.7 1.99967
58.8 1.99967
58.9 1.99968
59 1.99968
59.1 1.99968
59.2 1.99969
59.3 1.99969
59.4 1.99969
59.5 1.9997
59.6 1.9997
59.7 1.9997
59.8 1.99971
59.9 1.99971
60 1.99971
60.1 1.99972
60.2 1.99972
60.3 1.99972
60.4 1.99972
60.5 1.99973
60.6 1.99973
60.7 1.99973
60.8 1.99973
60.9 1.99974
61 1.99974
61.1 1.99974
61.2 1.99975
61.3 1.99975
61.4 1.99975
61.5 1.99975
61.6 1.99976
61.7 1.99976
61.8 1.99976
61.9 1.99976
62 1.99977
62.1 1.99977
62.2 1.99977
62.3 1.99977
62.4 1.99977
62.5 1.99978
62.6 1.99978
62.7 1.99978
62.8 1.99978
62.9 1.99979
63 1.99979
63.1 1.99979
63.2 1.99979
63.3 1.99979
63.4 1.9998
63.5 1.9998
63.6 1.9998
63.7 1.9998
63.8 1.9998
63.9 1.99981
64 1.99981
64.1 1.99981
64.2 1.99981
64.3 1.99981
64.4 1.99982
64.5 1.99982
64.6 1.99982
64.7 1.99982
64.8 1.99982
64.9 1.99983
65 1.99983
65.1 1.99983
65.2 1.99983
65.3 1.99983
65.4 1.99983
65.5 1.99984
65.6 1.99984
65.7 1.99984
65.8 1.99984
65.9 1.99984
66 1.99984
66.1 1.99985
66.2 1.99985
66.3 1.99985
66.4 1.99985
66.5 1.99985
66.6 1.99985
66.7 1.99985
66.8 1.99986
66.9 1.99986
67 1.99986
67.1 1.99986
67.2 1.99986
67.3 1.99986
67.4 1.99986
67.5 1.99987
67.6 1.99987
67.7 1.99987
67.8 1.99987
67.9 1.99987
68 1.99987
68.1 1.99987
68.2 1.99987
68.3 1.99988
68.4 1.99988
68.5 1.99988
68.6 1.99988
68.7 1.99988
68.8 1.99988
68.9 1.99988
69 1.99988
69.1 1.99989
69.2 1.99989
69.3 1.99989
69.4 1.99989
69.5 1.99989
69.6 1.99989
69.7 1.99989
69.8 1.99989
69.9 1.99989
70 1.9999
70.1 1.9999
70.2 1.9999
70.3 1.9999
70.4 1.9999
70.5 1.9999
70.6 1.9999
70.7 1.9999
70.8 1.9999
70.9 1.9999
71 1.99991
71.1 1.99991
71.2 1.99991
71.3 1.99991
71.4 1.99991
71.5 1.99991
71.6 1.99991
71.7 1.99991
71.8 1.99991
71.9 1.99991
72 1.99992
72.1 1.99992
72.2 1.99992
72.3 1.99992
72.4 1.99992
72.5 1.99992
72.6 1.99992
72.7 1.99992
72.8 1.99992
72.9 1.99992
73 1.99992
73.1 1.99992
73.2 1.99992
73.3 1.99993
73.4 1.99993
73.5 1.99993
73.6 1.99993
73.7 1.99993
73.8 1.99993
73.9 1.99993
74 1.99993
74.1 1.99993
74.2 1.99993
74.3 1.99993
74.4 1.99993
74.5 1.99993
74.6 1.99993
74.7 1.99994
74.8 1.99994
74.9 1.99994
75 1.99994
75.1 1.99994
75.2 1.99994
75.3 1.99994
75.4 1.99994
75.5 1.99994
75.6 1.99994
75.7 1.99994
75.8 1.99994
75.9 1.99994
76 1.99994
76.1 1.99994
76.2 1.99994
76.3 1.99995
76.4 1.99995
76.5 1.99995
76.6 1.99995
76.7 1.99995
76.8 1.99995
76.9 1.99995
77 1.99995
77.1 1.99995
77.2 1.99995
77.3 1.99995
77.4 1.99995
77.5 1.99995
77.6 1.99995
77.7 1.99995
77.8 1.99995
77.9 1.99995
78 1.99995
78.1 1.99995
78.2 1.99995
78.3 1.99996
78.4 1.99996
78.5 1.99996
78.6 1.99996
78.7 1.99996
78.8 1.99996
78.9 1.99996
79 1.99996
79.1 1.99996
79.2 1.99996
79.3 1.99996
79.4 1.99996
79.5 1.99996
79.6 1.99996
79.7 1.99996
79.8 1.99996
79.9 1.99996
80 1.99996
80.1 1.99996
80.2 1.99996
80.3 1.99996
80.4 1.99996
80.5 1.99996
80.6 1.99996
80.7 1.99996
80.8 1.99997
80.9 1.99997
81 1.99997
81.1 1.99997
81.2 1.99997
81.3 1.99997
81.4 1.99997
81.5 1.99997
81.6 1.99997
81.7 1.99997
81.8 1.99997
81.9 1.99997
82 1.99997
82.1 1.99997
82.2 1.99997
82.3 1.99997
82.4 1.99997
82.5 1.99997
82.6 1.99997
82.7 1.99997
82.8 1.99997
82.9 1.99997
83 1.99997
83.1 1.99997
83.2 1.99997
83.3 1.99997
83.4 1.99997
83.5 1.99997
83.6 1.99997
83.7 1.99997
83.8 1.99997
83.9 1.99997
84 1.99997
84.1 1.99998
84.2 1.99998
84.3 1.99998
84.4 1.99998
84.5 1.99998
84.6 1.99998
84.7 1.99998
84.8 1.99998
84.9 1.99998
85 1.99998
85.1 1.99998
85.2 1.99998
85.3 1.99998
85.4 1.99998
85.5 1.99998
85.6 1.99998
85.7 1.99998
85.8 1.99998
85.9 1.99998
86 1.99998
86.1 1.99998
86.2 1.99998
86.3 1.99998
86.4 1.99998
86.5 1.99998
86.6 1.99998
86.7 1.99998
86.8 1.99998
86.9 1.99998
87 1.99998
87.1 1.99998
87.2 1.99998
87.3 1.99998
87.4 1.99998
87.5 1.99998
87.6 1.99998
87.7 1.99998
87.8 1.99998
87.9 1.99998
88 1.99998
88.1 1.99998
88.2 1.99998
88.3 1.99998
88.4 1.99998
88.5 1.99998
88.6 1.99998
88.7 1.99998
88.8 1.99998
88.9 1.99998
89 1.99998
89.1 1.99999
89.2 1.99999
89.3 1.99999
89.4 1.99999
89.5 1.99999
89.6 1.99999
89.7 1.99999
89.8 1.99999
89.9 1.99999
90 1.99999
90.1 1.99999
90.2 1.99999
90.3 1.99999
90.4 1.99999
90.5 1.99999
90.6 1.99999
90.7 1.99999
90.8 1.99999
90.9 1.99999
91 1.99999
91.1 1.99999
91.2 1.99999
91.3 1.99999
91.4 1.99999
91.5 1.99999
91.6 1.99999
91.7 1.99999
91.8 1.99999
91.9 1.99999
92 1.99999
92.1 1.99999
92.2 1.99999
92.3 1.99999
92.4 1.99999
92.5 1.99999
92.6 1.99999
92.7 1.99999
92.8 1.99999
92.9 1.99999
93 1.99999
93.1 1.99999
93.2 1.99999
93.3 1.99999
93.4 1.99999
93.5 1.99999
93.6 1.99999
93.7 1.99999
93.8 1.99999
93.9 1.99999
94 1.99999
94.1 1.99999
94.2 1.99999
94.3 1.99999
94.4 1.99999
94.5 1.99999
94.6 1.99999
94.7 1.99999
94.8 1.99999
94.9 1.99999
95 1.99999
95.1 1.99999
95.2 1.99999
95.3 1.99999
95.4 1.99999
95.5 1.99999
95.6 1.99999
95.7 1.99999
95.8 1.99999
95.9 1.99999
96 1.99999
96.1 1.99999
96.2 1.99999
96.3 1.99999
96.4 1.99999
96.5 1.99999
96.6 1.99999
96.7 1.99999
96.8 1.99999
96.9 1.99999
97 1.99999
97.1 1.99999
97.2 1.99999
97.3 1.99999
97.4 1.99999
97.5 1.99999
97.6 1.99999
97.7 1.99999
97.8 1.99999
97.9 1.99999
98 1.99999
98.1 1.99999
98.2 1.99999
98.3 1.99999
98.4 1.99999
98.5 1.99999
98.6 1.99999
98.7 1.99999
98.8 1.99999
98.9 1.99999
99 1.99999
99.1 1.99999
99.2 1.99999
99.3 1.99999
99.4 1.99999
99.5 1.99999
99.6 1.99999
99.7 1.99999
99.8 1.99999
99.9 2
100 2
